0,404
0,403
0,402
0,401
0,400
0,399
40,4
40,3
40,2
40,1
40,0
0,398
0,397
39,4
39,3
39,2
39,1
39,0
0,396
0,395
0,394
0,393
38,4
38,3
38,2
38,1
38,0
0,392
0,391
0,390
0,389
37,4
37,3
37,2
37,1
37,0
0,388
0,278
0,387
0,386
0,385
0,384
36,52
36,51
36,50
36,49
36,48
36,47
36,46
36,45
36,44
36,43
36,42
36,41
36,40
36,39
36,38
36,37
36,36
36,35
3,2
3,1
3,3
10,85
10,111
10,141
10,275
10,105
10,183
10,9
10,1
10,99
10,2
10,3
11,15
11,19
11,9
11,5
11,2
11,3
9,7
9,1
9,5
9,2
9,3
8,15
8,18
8,4
8,9
8,14
8,2
8,3
12,2
12,1
